Webots Project File version R2021b
perspectives: 000000ff00000000fd00000002000000010000012400000227fc0200000001fb0000001400540065007800740045006400690074006f00720000000000000002270000004600ffffff00000003000005a0000000cbfc0100000001fb0000001a0043006f006e0073006f006c00650041006c006c0041006c006c0100000000000005a00000000000000000000005a0000002fd00000001000000020000000100000008fc00000000
simulationViewPerspectives: 000000ff00000001000000020000026f0000050b0100000006010000000100
sceneTreePerspectives: 000000ff0000000100000002000000c0000000fc0100000006010000000200
maximizedDockId: -1
centralWidgetVisible: 1
projectionMode: PERSPECTIVE
orthographicViewHeight: 1.31086
textFiles: -1
globalOptionalRendering: CoordinateSystem
renderingDevicePerspectives: robot:web_cam;1;0.418056;0;0
